557248551
1320128675900174336
1363388487580463110
1538768241618833408
1382275548395765762
1715292157
881570977250820096
1171889625104707584
1450499895186575372
218857792
788223651682328576
927996739935666177
2985898193
1287164132
2269557301
395101278
1483253234991267843
1045046918399684608
1517064572825481217
1515418934228434951
2294950086
1447571539805753347
1048121156690235393
857997706425454592
1497306734066556930
1443759943
2843880209
280488774
1120529957413801986
15063486
120610334
1499081959619932161
1083863546864103424
1251127356736958464
1247398762236071936
1498358936159670275
147943829
971769535480193024
1418944453650403335
1495724748268994560
1506936520661417987
411001661
22258091
264429673
69033184
242307379
1423750512076263425
1350859289053847554
279848159
1192592368702087169
576189587
1466099452805066752
1467133184810881030
1254826143355723776
1430909953489793037
1472486512294043650
1455473654674898945
1409186976826335238
1491226655725174788
2214926317
1524529143941058560
1511608572379111424
1471860133969993736
1557318203851919360
1089883821355470849
886891998912839680
1295421525059829767
919061479
1427337585458925571
880498971571093508
1388953177354035202
1422157593779257344
3101869670
1508019643000451075
45918288
987923849915305989
855375916880478208
1418283132428619777
720927949889867776
393277191
399623996
1454053070938181632
1539555584906735618
1234990921059532801
24184313
1520690412763111425
1538083003024429056
1560634948171603968
1250737289271091200
720493151
997451061005824000
1241796022801760256
1059559809664671744
1364531465975963652
1543935819601305603
1561679307579314177
81883481
2865520002
29001709
417751295
41002642
1354034433423192065
306012283
1556885256506146816
1503578127766761473
1497185828908539905
1514638883576766468
4757592682
60085659
41159844
99032207
1435322288979668998
199298499
395480335
1414490688956375046
1320739104603181056
1537204986567921664
1258703901865508864
1024310870069915650
1469431580926091272
1112315240979394562
600532080
951433596
1403430847
1524971592425644034
1339297437148737536
1309267253293125633
2263716394
1507687566765694978
1564270345221128192
376694068
1484639006176460804
44084579
1065495536764100608
4911121877
1494315884080508929
864324871383261184
1629523038
222730183
583024912
944414708110684160
1363431420153237513
64032895
1481361331961925639
115734019
1548422310800936962
735950325748731904
2576960380
1026004723982204930
385623576
476090886
720087720802930688
1531155214610358274
522348586
1015829495616434176
48378236
331788220
256385481
1484626730761564160
39818540
2534863015
1096118517932412928
1443912169305911296
2842137380
1489996626924118029
3854466209
1496851778213715970
823186680916090883
1271541462723854336
1503077330348134401
900432409
1535618821654032384
1399428540588830724
27213810
1055086243
1110359348
1464032791146999810
1478636843918897153
1321513535441113088
865128006423019521
3046424142
939179091659558912
1184430590910705664
1231450283223339009
1010379064287416320
1695070987
34225918
2193088572
1556653148982353923
202656594
88889119
18180341
369514045
1446179536174002178
1246698838351478784
778045033828057092
3327035027
355844222
1501679752843001856
784062851031990272
1249745414
1430215460323213321
1237085739575320576
1212438992
1010520595564556288
1298567600427982848
789094371551485953
1047675419858817024
2631114550
864610968
1487471482301079553
2679788407
1517886866137264130
1326499911106498562
389805036
1382427806748057602
423406637
202762189
1329030709021962241
521127364
1559805551147683841
4695210798
19018965
1540496344149684226
2511805574
1097238397691797504
1518822705566556161
935801441125650432
286217515
1518952321400643584
52345827
1465252255138041856
470919829
2756521585
101579962
1029708736074534912
25585451
1508357111280930817
1515602858
83894372
1536814429349740544
121531810
2884657288
812866684994211841
1504923395431047170
984236431349608448
42135117
790286266243878913
351204158
139470454
3344689690
22340687
955423136824086528
1557848256155090944
1315484544678555648
1569481226809131010
79726177
1230600375675301889
808505674111938564
4118787500
1462006311537754117
1402113848115568641
3397244179
1312886034351288320
1496323861444505604
741038204480978944
347711964
752010888
25665890
3235543392
131140962
716738062634524673
210846490
1454958867113119746
1530347136667222016
464051907
1473925448442658821
506748748
22413812
1519708601467736070
1269656217334550528
73813227
1300949879242383360
1519653897467535361
10666872
1518724767221702656
1496682285357314054
2727390144
1480272908949852163
1554461003223470081
1552324397930799106
217044098
899670064898740226
922829370313633792
2539499970
977598437033209862
1338307256425725952
1465113137892442114
15474479
1315716331090726914
1891031551
1466929941073649664
3008789129
1520326131248992258
19259662
1427181660907261952
1478622848872820741
20909923
1442297459443597313
233031273
799435974921089024
1280958572
1049955421119807489
820820455
210371300
2835988164
1041121771712262144
1395024368942690314
1488226274380292099
1549505533052276736
861181396999704576
1092074178524659712
1169523100012204032
215883266
896421242869252099
1015263642437156865
1496768253280100353
1931432365
1171443326404288513
1281897563961139200
28426930
1526698401340981248
1158503866146676738
178291469
152497044
1453272883178921985
65586117
2405332228
316364374
34245767
1475069645120057344
286366526
176042454
179142696
1419998048562909204
2492764280
38946667
1433073113290485765
1551509763963473921
1287408399278395404
48351615
152709811
1196046732674715649
735431735148699649
1269668439548977157
1270049714117808128
1171437375680995329
868240081357742080
233303806
366117993
1024191716805492742
2439937320
16146794
72989278
1512362469389447180
749754902604308480
1296750835045629954
1519824139468607489
913316547367768065
1463204713055145985
824323745577893890
36876827
735754065196388352
460496994
1286831603063246848
1497987279473844228
826837795931115520
1460044180877713413
1459127178591879173
1089886164868366336
1533435084279250945
75615020
1228313808701186050
1419782741189660673
1330419449204264966
1400181035804119047
1432827445401501703
1385108771647545349
49585022
1441390458
101893603
1497482370731098112
1275160475135868928
1257803153937965061
1023999750218100736
1421453269239468032
1469320052184862720
611986351
1518874485415460869
1318608577
212124568
1182756223919230976
929980992537763840
1347547991469649920
1321145772453306375
499447851
1453040537125244932
1519484805821390849
1443867071046209552
822578462007447552
153517357
1241045728761458688
1461657410142183424
827929039729930241
1406363571882180611
1518962176140132352
1202899571606732800
18398383
1313810577421197313
150881077
169554562
1526079569643675651
958229828
22545453
105397850
1499841068552134656
1288945582065754112
1097694473952342022
551440378
3402060173
713644148
1268244081194471425
1518934398980218880
1229325848869769216
2688140869
956130491954016256
722848156518649860
117435708
1447714105385799680
1496855624524648451
1499629387796340737
337645220
739331589633540097
1485641151038242826
3863657255
1362648385510117376
1156990426190155776
938410449489616896
1030133477696360448
1650249378
21020103
1477686330272497665
196598567
1468657222674755588
266694060
1460280150709313538
2763774377
1150620838607118336
2285705570
2612643336
4554120017
832272924727975937
1157849052677050369
2291923928
1379359437073301516
163413258
3150594211
3279375862
495205951
28325584
717042249624854529
411821389
2958529045
1555296682425860096
1339672473785282560
2563091184
1537629301662552069
54733143
1442513156291510281
1521005976031490048
72552866
1352308908321333248
4016393199
1512107361183350785
1121616652196438016
50700735
1286936132383657984
1495830267172376577
1452738586760159237
29662823
1557612060132925442
1482995632835018756
1569620430360825856
3380573632
1553531304276152320
3609980477
1445962477
247797987
1477297710965346307
763750585
1392470540087185409
889164939956498432
794883577624281088
713817204274372609
2483750689
1259882834329767936
1558007226710867968
1517565252187176962
2418341988
778233651158847488
1521186349566545920
1283803924089249795
1064564302575751170
33925131
1526189963527733249
105260278
946071938102976514
852194566262444032
23175245
827303568
1524557849237544960
1025551630052159488
16319891
1082985038596194305
727659186792763392
40433343
16831386
219097516
3102118090
1357918674271670274
1026287958087876610
1547508542185299973
469091691
756049
3244784051
47120591
1248887845030432768
2665463588
1291757951187902464
125374717
1405551364332208136
1305905708018348032
945466658814070786
1508981841990242305
1518680093694087170
716832049
246220733
1089997329476870144
1494971519977594880
2919036392
859081595399131136
726919636797771777
2271740971
1267826966
1546665114576855041
1212185731038232577
262303120
304691182
898857816529752064
1515344472523087872
159726676
1361421342558584832
283563152
1389446566658850817
1252183266897117184
1511797991413194756
265908240
1351108562399977474
1518741548321714177
1560817402069131265
66474477
1644440880
1435703381671227397
822571773115957248
1422436468451069974
2147657017
1376899376761565184
1453501917016076289
1503277263353257985
1526200453696040964
1363571643856023553
1245027863201492992
79907784
1359905368613224449
1223781745
544838769
903232609223942144
1535474192161857536
120269534
753826698009849856
1511444670999638028
1494180181090922499
3237402018
389978723
724107994951233536
986407733313155072
1126188112990883840
1556401073484693504
1325452173275238400
856363917332893696
1451108826552225792
1152833962433228800
1431235358629453824
1373284348686925826
364447733
4297679901
428681915
310922673
30238708
245410058
112134350
1111954430793080832
208579012
2837550525
64643056
1518772020426727424
4004145136
722117494899679232
3523921936
1366505333523443715
126966274
1511440287931023367
1189740854661001216
1384567875797757953
1551972365277564930
345805766
402984642
1309148947793936384
319071891
1217303255220441089
431395860
1272016977700155394
3227663171
1819831740
2400412040
801758813619621888
1280713461270409216
201015826
757243966580490241
1864102783
382980783
1545151543451721728
1349249899108454400
1518674045818097670
758126257783443457
899338674327912450
1075001410524274690
1408809474345689093
404799767
428550505
1424540729498652681
910073507391922176
261300781
1272166521519910916
2787074135
1566821666470203395
2999687068
1454728183
1285290021709328384
1163754769258819586
1064563767525154821
274309952
1316819317049176064
833930173
966317861902970880
1499408778294218753
2351747770
1171817327324794882
137804255
1518794534611738625
1343247973183062016
1522502637601632258
1360964483632496648
1524016057995993088
198162733
1679723575
953459690960248834
1196892434191527938
974833572891721729
1160248963326500864
1518819990618935296
1497254589518819336
992079301313953793
1417828880765816842
745707823
107509349
1310156987863310336
1515181239719776262
2777237217
4123406774
1096787196969926661
23511307
1486969818553237505
115662016
1367233772106608640
1530854316386525184
1042146989729894407
1516014748466393089
1515192057253580804
1229355788856123394
1512920335439601665
1534096025371164673
2674688175
1429877011430854664
1280482461013729280
1525156132825841671
314440701
1323747268013527041
2966105867
722132732835401728
1306722634621759488
1107853796854648837
1393821657194655746
1088793674857746433
765599356980498432
376172658
1348657036184211460
1470197190035443713
1511658415575244815
982128373
1001929386
474843847
1510780961281409025
2491689563
763146166620057600
1103481144
15644938
143059891
11234152
1481731694411538441
18972886
1556945709949124608
17000102
32703165
1531912657816756224
16094112
1547493168509341701
1540767149769101312
58243311
1493760720076345345
749322137769574400
797829335755407362
89077482
1398365962781478920
342345561
3002053934
622924427
706956296138821632
573896034
590081021
1243133468852322304
1488167763411718146
107438578
562003924
818658116245987328
2889272645
30077625
38838315
1482658324491427841
2316753940
1324940773352222720
725812049515794432
1084494694825033728
920557826363330561
1676734501
1502229954196553732
1568235819046998017
1222388156571561985
757125266
54449219
1553389828271755265
1487243513632862216
821101854444503040
1347838586796781568
55057507
1374854077843136512
45500908
1570150837707579394
2829120555
114830531
1220072539285860354
1507083658166878228
1497725998950875138
1282582462263177218
954073104
296372515
1510677728281964553
1423601763706458118
558400536
1565183541989650432
95900451
1144682455347212289
1431252775837618177
1330209122097229824
1517192082150076419
1167745005785624582
1467090555670867977
1543088226599968770
1486631881697280006
927199453
1487126370220183552
896823706831466498
1049556745977257984
6131682
116497432
1310209976
451763138
302248835
114626083
138920003
1514582950368661513
146741852
2638016652
3387808162
1468844946568450049
900967963
1047088401047072768
747782180
831768450
36030115
762909413057236992
1041634150569062400
104960312
1063260637
239602555
1421890174422765570
1317280930629849088
811463181130416128
792263243330904068
1390069701875732481
1424716124063731715
544869113
1179464402791219206
1524853802305724418
565927583
197149730
1409098766825762817
3622301417
975415352476790790
955191854160580610
16903106
428462430
876129138
884802435398676484
1487440296183058441
3247925082
22269058
1456694205577940997
16167236
1499853652072173568
1403338681
1563520642762231810
819906446
1285001
1571516843042504704
1231059979844456448
1259773070
1060637890424692736
1291456715343396865
384123902
3588002772
1173083481536159744
994864699941507073
753347594412142592
243277940
957341065
1063246513315373057
1170893365
23069528
290610200
911954168889319424
1444314622199308288
1447607547494637569
364161606
21477217
49433872
3234035270
2196650893
1415429154082852870
83684321
1630334119
769125384730382336
216118168
1325481783819968513
11881092
1555807600083697666
1459369763105349637
50604262
1248733425458184198
191905571
17486583
409804691
333265493
25483416
806493024616333312
3064026478
1562102750262984705
507650559
147082989
1563327894201733120
246282127
207879183
1512532599184441353
1044006296167624705
1052724319569281024
305395284
1436159040514506758
1521009176423579648
1463516221672808451
3105211414
3675013819
1558861934669209612
1219374636409982976
255088502
1490871573951115265
1519673499605942272
29396262
1283411657679609856
1497651382626795525
178621393
1265108229698224128
1563039404624556036
111122713
1488407361115279365
1514309662300069889
317602314
1500777412598149123
13376012
598341315
1535693421649838087
2821212082
2492959035
19734634
1270366777407680516
1495836285520470027
782331870
844910488786030592
32836225
1518688945634254848
1499342063963459586
173278965
379117948
2895983773
1572560239290994690
1060732128
1357404138821328904
1223171510
337685619
220936218
1431625843349020675
941391997604069376
3067377360
606316616
949978900683280384
1419258812163366915
1496876723090116615
1505939125186269191
197867789
15394579
400764708
306731022
1533796331382312973
1459973053987835908
979030569861382145
994838137
390371615
1376960122459672582
2472785862
731423871933534208
2872790949
1408728834799673351
1473766424938176514
861894476536705025
245051131
1429552530879651843
1526561488453918722
1476337818834243585
1097046045022978048
1551116034693906433
191945302
1548425471506784257
1502008867714068480
2604425466
918618921875525638
119640479
1043272122
1239964054669660160
30887460
50808393
3069250977
1008778931166515200
1105310601125875712
1545209242986065921
495051958
362905370
1378815435278323712
1347629522334720000
448784921
2809657193
451473769
820723171112448001
1556419213
406932718
1243199191750512644
2769757823
2824448760
1234309712444702722
1396709479
1254403937676996608
1427885020757299204
1493285767128522756
489322426
256155205
1510931112096378883
1216809146600824832
747502144610254849
1255327982425722882
1416365577032151047
2980923340
1216078105
1325876246648147972
891459183295348736
1544567937826267136
1479133424304762886
817773452778147841
346141468
420342321
290666293
18721640
312149882
1067342779397885954
1202609694667427847
250246659
52007217
1348715758440759297
1398009326254579714
1503640969455017987
884534756423213056
1102075028
1437876272387051520
1255037508733329408
1092720396
1464420053815013381
260404739
1179479251
1502908539026640900
829892924947042305
1478161251687669767
1500592509759762441
1501076588045438979
1147307612188237825
1110140107724652544
1283190192497668096
4015895774
290797062
1560159426018959360
1436180504307511299
1015683182060945408
1242119102505930752
424166919
1633570850
1489308937354625026
3131210789
3289877794
3900643978
4569399256
3288202462
3350246387
1518792228617035778
588714705
1521419051536420864
1533701105770807297
568553302
212430265
2991821679
948485034675236864
1946174664
1550997091765391363
2990108045
85604163
1571264647235309582
1471038036746153991
1596163993
1180299014899666944
727226496843190272
1290977656012451841
1115608294813339648
294613911
195099219
606377843
3945731895
1506830425758396425
3911487255
570453114
1098243001137143809
1270071081718685699
198179597
976284925769875456
74043002
1347188878424334337
275754256
1454502163
564138118
1217249392807350272
790653885501374464
1091616422520913920
1545174550911991808
810200597685272576
1426287502659305473
632816948
710016990
2637476531
1512347529647734788
2401442858
1101755750957834240
938597024882192386
1572584629240008705
572239210
47776856
1708941223
3287138736
183015418
1292859477763522561
1476621826369466372
1455848690929766401
1107560962477969408
1493582300252196874
1175097513419911169
3365876644
19433304
1508670602252587009
1337517680203497472
1519556423197278208
977985951103442945
364303854
264748423
914061387101560832
500882938
34706825
34236812
1497680838938480644
1409901515146473473
1267914565947457536
1043959222017413120
95763464
10903242
4184406562
51760650
1240165760766533634
1474094859749371913
51046771
2221123976
3355646926
760761161910460416
1528333752765755392
914434331073970176
351117961
129305536
589975506
83825802
1519644865818210305
1553377218700640257
1506453905915404294
1492297001316151297
1507403101472403458
975147092866891776
2265924937
1403078395597135873
1534950115
331536511
96653560
442564782
1363083695339560968
1420170565
1505417347401760773
305501494
2776079137
1215813436719890432
1064799155833487360
1514444155770093570
136347046
1488640629856952328
1552788898866151426
825688897451606016
1022764513
1572689833859874817
1360270987439312899
130320277
1860204577
1434466508571385866
1388614459707600897
48128474
384583803
1518610290719531008
165262888
1161003996854792193
497512365
1475017435103305730
110673633
362513638
1009335221563490304
1563098926940815360
1148573379533910016
134405028
972012371735609344
1573305801585967104
1461204142446231552
3665429175
900691652674826241
263155847
2157941838
1096112169396174849
1079064445274505216
895009902619496448
1567801884626264065
1218815238604316672
703196749800669184
2560632538
1567850847635120128
1377896257
1554607434815127552
387046163
1540322397903003648
53034192
1509483664593534978
1550461856166313986
1000965128928440321
1381612804516511745
1418896937437253640
47347200
153677665
1203887463074344960
1208904863347826688
2260153464
1189845201466122241
23751770
1521554432776937480
2253535722
45391358
1487854366002495499
1125657952868872192
338908331
449782693
2696322306
392807183
939322266
1449000159375933486
965451112395415552
777551368953458688
447370939
25924647
1460050543003541505
832739538841673728
143494727
923178489234145283
1518688685272682496
27461761
2282209610
65775652
1340365909341450241
1496521700976046080
3221136189
1427322075014893575
1372818674
1491873251500376067
1514563391955812354
817055443348586497
758065569082007552
1394506666381651970
14843428
1146136697182330882
2371050553
3038933044
171614000
1511469580606050304
146139991
877926488695349248
1487975637486764032
60478518
1422523442885058561
288719794
1744721
971903663168880640
1441899766305071106
1544092025531809792
538065065
58092788
1375222816816177159
855820486311325697
1302114912387215360
2475252878
2516075665
1454784805984407553
810280505245474818
1494454003085815815
35305294
1527616831128850432
309222900
1400419875319959556
2515466224
1531372358417534976
2336021328
79407014
316764010
1414604228614672386
1370791535827152899
1123274347773190144
1381292851070390280
16164636
1252263933945294850
1237037597832200193
1537178780384518146
1275852629244104706
95187021
1050431401382817793
1508911960334684178
1400940142806945797
1334074840857399296
1268917365493895169
3201594381
605614784
1511656119814471681
914696599695187969
1199319698531373056
1561044206075912192
1132139963389079552
1390841457062289408
46935297
1113220858338848773
3696598876
843209525821952009
1517929717235474433
260868213
1349859193034076160
197762420
1345808338349666307
2417163270
1181135177411649537
3036997596
1427286285509668870
1413132866901344268
1511226402439589888
1445711284175990784
4928512857
2974836924
1177139251860922368
15484198
1249494546
1886623843
19993673
1325478632622583810
1146073500752535552
217499282
813482752553218050
385325688
1518828907482517504
1322613279248785409
238665452
532505360
1479390386263109632
1325984778735284229
2470478575
1508849786283245572
1458408857315721219
1252952993055625217
1194714208820027393
755499550417321988
1515594347571519489
2838293220
1313961177228210176
1509645264977596417
273475721
1524720990315585537
1180874216171823104
1309213967278116876
1330408306133921792
1522128576359075840
96000129
1249788216955338752
1521880326007672832
1516405336512638979
3435839560
1216342281340571649
1078575709097025536
3075169971
1133390750668992512
1416554507060736007
1347356652
2595907500
1247172179093000193
2361149385
909326867567566849
1468925617764765701
1312118717845770241
275255591
1476782109813583887
1295750272963293187
816458976841777152
1206904705160318981
3296150685
41559812
220308822
503704053
389149189
483488851
4840767624
1386312991478538241
1564886090783539200
103144765
1282095026588319744
1488270640926937104
4769536303
1245046715545268226
1499461870910062598
1518721630318448640
71520198
2981351519
17226097
752953046
3182531584
1473608392807755782
591030199
54198477
2152550364
1287332396702920704
1243237502405804033
3831088456
1484546520099737604
1039946736217862145
1488059521289310214
1533022237145677824
313385516
1487838003913498628
1374163711213113346
33145879
1521983739227561985
1187099841828130821
1394665061776596997
1492100277616328707
1302295528898727938
1367525909067104263
1266794206368055297
80844188
1162684234785538048
1127073844123062272
1278611158988193793
43051936
1445081610026631181
726913231101562882
2209826030
896026863059046404
1570479877
1569015419700224002
3217501526
1467159210320445450
1519332389499006977
1243182088511160321
233320217
305082200
2384419134
1050502667020058624
621945193
1512673495754366980
572955582
2369504040
3644731157
116413850
60549265
923095748509601792
245206604
1570872205587750914
1308723644705566723
879544389021904900
1280292699262693377
3781738695
1427694877576400905
2716850508
566086741
1317254808257126400
1433510618368184320
217355287
475907496
176251477
275182088
252667299
1464694749038886914
731020432766304256
16990593
1451151722
116251863
978776569916284928
746401230826639360
250532064
773234103768518656
1481375036116242438
252150126
778302618892378113
967746907413073921
1440371267694063624
1277770329792950276
1495208554973863936
120800635
21816211
1351754608117387269
1253219066
1271025590
14303901
262069265
1258295116986560512
2299801603
14689740
1111078868763508736
1456241675911696384
1396388408440758272
998020490047373312
730800883
1851181374
202058382
1435663173370228736
1393844161967652866
3377627837
1560591021766889472
1069551427872350209
1100808382137753601
1514536620762054661
2447567994
1378435416764911618
1527804918421041155
87250503
1505054009224306688
995868580636835840
2204789802
4799055688
2753385296
990261747557814272
985564887714795520
14066161
2545607630
19059966
152371938
759194869
1313061745003429888
109321020
1561024670928982018
1438560461616816131
46542925
23659863
859128573579456513
1432668822155104262
1493104088128442369
1172729276849893376
1251436311451402240
1240081370287923201
1525294973733818368
29195278
2232134436
1497167527507603489
1887255067
1384083426
32866132
479977457
48299524
2790042071
51175341
1306703121469579265
1136498057388761089
13391882
1091134030576345088
743969375024201728
1141549422104469504
43068354
276642593
2951838329
945948344353992704
267798404
1458493019318099976
1212934077961011200
79152304
723506696862220288
101674793
1334867639055728641
1543617096722038789
3519467297
1225028457366794241
1379538284045508609
943483238965706754
2310077574
1566061564167262209
2476066340
1560291628920803329
1410275252601561099
764238193
386097273
4833376576
585904327
1088517761272373250
483344480
770953392
1158721592383291392
2824196497
201463757
1190184420948533253
136189271
1487048982547230721
525397099
857313821307924480
1250042779113099266
1026065867400855552
1429903720876228615
425803153
84940254
845256413706407936
1484152872657104896
1468484330305765385
416362294
1534142094658646016
793414348203065344
770691630
15237316
1534320869740363776
1469539438002802688
1407774384710819847
288341428
1428148722442018819
1355154535161888770
870334628988452864
772087200884195329
1080813371090382850
1578181588780818432
629980611
1426204538151870466
855213166116052993
1267119079393038336
1563066187684073472
831808253432516608
68864556
2311141665
903439126736732160
1192535105660547072
1076441571728470016
378997167
1560382376261439489
1532640391237103616
1560011208631123968
855716077
1256539419303186432
1318180670
939763274823987201
139333436
1365958114424483846
1331912195194695680
1202257709971591169
1436604825794457600
1570754963328081929
1419102236072980486
1417551334853812228
1414941447225155590
1013712898328334336
1557535363941507074
1577765523944882176
245122586
32865394
1555405771248377856
783675294402146304
753135538849198080
538529568
1233066991726014465
757223396660899840
396466106
2847910783
1522017378460069889
1500454800
848554826082516992
1444331885056909313
1457170183705878530
787987748925935616
15992477
812533458773774336
707572861
745438474740760577
1358507341742759936
1549140691833552898
2570542082
406462301
2870734967
554712032
915667961041612800
3044572539
1339057192775811072
1108447250
853945736517603334
1262412296187494400
1551308235780395009
1083916415323787267
3258498922
1469325428619984900
1400329038271598593
93217014
828092484
1719129510
1541519547538210818
781679495023562752
940877441245044736
460122735
1353872252823953408
302479685
1426065112314548224
434159511
1389745895705546752
1154762616792743937
1237834643174375424
1484861519250739201
1259969384665296896
1546086501640970241
92069284
338046287
218729366
1505576688922632197
724151550843719680
4804981458
1392355707152863236
1466185516240543750
1450601060624748545
2401526498
1578967805579653120
804473952
1152454797410197504
1476470925898010625
562167482
1417790284394602503
2882934664
265043014
518725137
2224787671
1373582797248458755
2798115080
1505827249450369024
205029132
1056582589362962437
1477342523555135490
1166025817308180480
53789684
1564976739427786753
1503014571090407425
1518976894468771843
850738604569575425
1294477359823945731
787211827
1532604598946365440
987299293789868034
87764819
856972356
273331858
1502722204592754692
1392965277470572545
1001994686519828480
1463159660865900545
70994984
1248869722755489793
1060167006455033856
1497052364657750021
1576929085527412736
1438735902579302400
1300542902569963521
386778926
3087298143
46455391
1230107116356038661
1468642996849713155
923949278699155457
189550829
1484590500057333765
1020209257252311040
2978387871
824403341493104640
1232816335270236160
593631796
1559184582074925059
1391265907226210308
1549240831177007107
1289175014848307202
1511395229361913858
4342105587
76738869
1574578727400382474
987766423
793971883616124929
1139269987040997377
18442571
1195747501246205953
4138851531
1084070039656062976
820277263
1214350262
126105753
1083169422389493760
24976436
3062554588
1570071136955760640
1489332575554478092
1504584826992660486
15117652
435388367
34079970
1504830861828829189
1363640558934179841
269922271
1529562259185336320
1015618792775446529
1554702533368885249
1100994015544012800
1403931509111799808
821767239330369537
1499758008909373442
210080555
52064166
61592998
1517302703403061248
125165596
770500740917833728
977492254255271937
1511778129517420547
55678787
2557362516
74253037
1372994529536663558
435260935
1278283753182433280
72060328
1217802846
1192757531904544768
1213412346544017408
3507935122
1430451866786275333
2413696491
86572499
1577269965404635136
1572072990837293057
1570852269695836160
54505390
1466457921408098305
1498199095705485320
1293203430442446848
1358039563
61028120
2260700408
1200833473793134593
556883798
1271009311280566272
1387096368565538821
2886129911